280,5.14882001079,5.14882001079
560,23.475470849,23.475470849
840,38.7217044018,38.7217044018
1120,51.9139894438,51.9139894438
1400,63.859085304,63.859085304
1680,74.7057239303,74.7057239303
1960,84.997104029,84.997104029
2240,95.1515142623,95.1515142623
2520,104.989692491,104.989692491
2800,114.253227495,114.253227495
3080,122.891027248,122.891027248
3360,131.466288892,131.466288892
3640,140.191368687,140.191368687
3920,148.43646109,148.43646109
4200,156.39380895,156.39380895
4480,164.201096294,164.201096294
4760,171.636023816,171.636023816
5040,178.958753718,178.958753718
5320,186.031375227,186.031375227
5600,192.861929084,192.861929084
5880,199.540821164,199.540821164
6160,205.928180474,205.928180474
6440,212.137986104,212.137986104
6720,218.133233557,218.133233557
7000,223.886667218,223.886667218
7280,229.50047754,229.50047754
7560,234.883595504,234.883595504
7840,240.081608012,240.081608012
8120,244.978190573,244.978190573
8400,249.710192684,249.710192684
8680,254.174301108,254.174301108
8960,258.459248789,258.459248789
9240,262.590620872,262.590620872
9520,266.391173194,266.391173194
9800,269.969120858,269.969120858
10080,273.449353944,273.449353944
10360,276.78506242,276.78506242
10640,279.922370449,279.922370449
10920,283.049258379,283.049258379
11200,286.123160049,286.123160049
11480,288.948880077,288.948880077
11760,291.593799797,291.593799797
12040,294.102037614,294.102037614
12320,296.638774185,296.638774185
12600,298.98106222,298.98106222
12880,301.212509517,301.212509517
13160,303.125304145,303.125304145
13440,305.039272175,305.039272175
13720,306.769224045,306.769224045
14000,308.444914303,308.444914303
14280,310.094107312,310.094107312
14560,311.704732586,311.704732586
14840,313.140427705,313.140427705
15120,314.500298688,314.500298688
15400,315.777104613,315.777104613
15680,317.059377369,317.059377369
15960,318.167196087,318.167196087
16240,319.357310149,319.357310149
16520,320.496436496,320.496436496
16800,321.626143526,321.626143526
17080,322.641732678,322.641732678
17360,323.596772734,323.596772734
17640,324.470458295,324.470458295
17920,325.343601784,325.343601784
18200,326.059454801,326.059454801
18480,326.8534194,326.8534194
18760,327.618918379,327.618918379
19040,328.3056292,328.3056292
19320,328.996452913,328.996452913
19600,329.742214093,329.742214093
19880,330.43601333,330.43601333
20160,331.071840896,331.071840896
20440,331.717901668,331.717901668
20720,332.345438094,332.345438094
21000,332.730231989,332.730231989
21280,333.241799213,333.241799213
21560,333.676582535,333.676582535
21840,334.067970508,334.067970508
22120,334.545451953,334.545451953
22400,334.93875614,334.93875614
22680,335.427031741,335.427031741
22960,335.713958816,335.713958816
23240,336.023794581,336.023794581
23520,336.264339987,336.264339987
23800,336.575826759,336.575826759
24080,336.81232006,336.81232006
24360,337.190017104,337.190017104
24640,337.501640525,337.501640525
24920,337.733136406,337.733136406
25200,337.994186427,337.994186427
25480,338.314117874,338.314117874
25760,338.620051629,338.620051629
26040,338.814887557,338.814887557
26320,339.148293901,339.148293901
26600,339.376133099,339.376133099
26880,339.682476957,339.682476957
27160,339.830707772,339.830707772
27440,340.02378108,340.02378108
27720,340.227754384,340.227754384
28000,340.439196553,340.439196553
28280,340.578093982,340.578093982
28560,340.619114209,340.619114209
28840,340.736567448,340.736567448
29120,340.854471257,340.854471257
29400,340.942710108,340.942710108
29680,341.080979182,341.080979182
29960,341.077234477,341.077234477
30240,341.150367534,341.150367534
30520,341.292514317,341.292514317
30800,341.378977085,341.378977085
31080,341.408540064,341.408540064
31360,341.395333532,341.395333532
31640,341.425995013,341.425995013
31920,341.4749535,341.4749535
32200,341.466312824,341.466312824
32480,341.542339047,341.542339047
32760,341.641490837,341.641490837
33040,341.748682969,341.748682969
33320,341.888996892,341.888996892
33600,342.173801142,342.173801142
33880,342.322311282,342.322311282
34160,342.332384446,342.332384446
34440,342.401287633,342.401287633
34720,342.444710242,342.444710242
35000,342.509704749,342.509704749
35280,342.512610167,342.512610167
35560,342.589633357,342.589633357
35840,342.65839561,342.65839561
36120,342.757510463,342.757510463
36400,342.935543182,342.935543182
36680,342.984516206,342.984516206
36960,343.096334801,343.096334801
37240,343.191371778,343.191371778
37520,343.324752066,343.324752066
37800,343.476709467,343.476709467
38080,343.680512142,343.680512142
38360,343.758396141,343.758396141
38640,343.895998294,343.895998294
38920,343.869891031,343.869891031
39200,343.908587535,343.908587535
39480,343.983308903,343.983308903
39760,344.061551929,344.061551929
40040,344.082438539,344.082438539
40320,344.146040609,344.146040609
40600,344.177852056,344.177852056
40880,344.192571264,344.192571264
41160,344.342826911,344.342826911
41440,344.380384392,344.380384392
41720,344.408628433,344.408628433
42000,344.462551772,344.462551772
42280,344.523005311,344.523005311
42560,344.528100402,344.528100402
42840,344.5229776,344.5229776
43120,344.550531679,344.550531679
43400,344.709383789,344.709383789
43680,344.804078662,344.804078662
43960,344.848095279,344.848095279
44240,345.007280071,345.007280071
44520,345.058034722,345.058034722
44800,345.130977737,345.130977737
45080,345.097359598,345.097359598
45360,345.13867157,345.13867157
45640,345.160003464,345.160003464
45920,345.251917165,345.251917165
46200,345.213276013,345.213276013
46480,345.251864065,345.251864065
46760,345.262192776,345.262192776
47040,345.265211499,345.265211499
47320,345.203720469,345.203720469
47600,345.292206347,345.292206347
47880,345.32760418,345.32760418
48160,345.375819754,345.375819754
48440,345.447878736,345.447878736
48720,345.481125399,345.481125399
49000,345.441790197,345.441790197
49280,345.511295729,345.511295729
49560,345.546470018,345.546470018
49840,345.492005831,345.492005831
50120,345.5997999,345.5997999
50400,345.574866293,345.574866293
50680,345.506977648,345.506977648
50960,345.412494341,345.412494341
51240,345.397032133,345.397032133
51520,345.472028533,345.472028533
51800,345.54159622,345.54159622
52080,345.561829967,345.561829967
52360,345.616418428,345.616418428
52640,345.750046914,345.750046914
52920,345.731252671,345.731252671
53200,345.699836892,345.699836892
53480,345.737148012,345.737148012
53760,345.745041055,345.745041055
54040,345.770906899,345.770906899
54320,345.80373901,345.80373901
54600,345.881012729,345.881012729
54880,346.021642371,346.021642371
55160,345.979985699,345.979985699
55440,345.9865312,345.9865312
55720,345.910927475,345.910927475
56000,345.920790943,345.920790943
56280,346.110284593,346.110284593
56560,346.126746272,346.126746272
56840,346.102079119,346.102079119
57120,346.133863878,346.133863878
57400,346.149339073,346.149339073
57680,346.219858085,346.219858085
57960,346.22746008,346.22746008
58240,346.197698203,346.197698203
58520,346.239608456,346.239608456
58800,346.351270128,346.351270128
59080,346.338338606,346.338338606
59360,346.333868438,346.333868438
59640,346.256148776,346.256148776
59920,346.185374282,346.185374282
60200,346.201576238,346.201576238
60480,346.050329013,346.050329013
60760,345.944876621,345.944876621
61040,345.916754084,345.916754084
61320,345.887401157,345.887401157
61600,345.882273785,345.882273785
61880,345.869733808,345.869733808
62160,345.836964234,345.836964234
62440,345.820991102,345.820991102
62720,345.719473648,345.719473648
63000,345.715987343,345.715987343
63280,345.649593453,345.649593453
63560,345.788519574,345.788519574
63840,345.812344143,345.812344143
64120,345.817499953,345.817499953
64400,345.867734868,345.867734868
64680,345.812645791,345.812645791
64960,345.777173016,345.777173016
65240,345.807240447,345.807240447
65520,345.799432333,345.799432333
65800,345.810154384,345.810154384
66080,345.870896887,345.870896887
66360,345.97865517,345.97865517
66640,345.994084049,345.994084049
66920,346.081762047,346.081762047
67200,346.016951235,346.016951235
67480,346.014974261,346.014974261
67760,346.034268947,346.034268947
68040,345.960908832,345.960908832
68320,345.959167379,345.959167379
68600,346.122857829,346.122857829
68880,346.106097641,346.106097641
69160,346.130439928,346.130439928
69440,346.158425003,346.158425003
69720,346.260309177,346.260309177
70000,346.361380596,346.361380596
70280,346.325024063,346.325024063
70560,346.406543936,346.406543936
70840,346.362234522,346.362234522
71120,346.411256575,346.411256575
71400,346.459614121,346.459614121
71680,346.44092551,346.44092551
71960,346.349668579,346.349668579
72240,346.361099012,346.361099012
72520,346.32454065,346.32454065
72800,346.323386293,346.323386293
73080,346.311713276,346.311713276
73360,346.345180217,346.345180217
73640,346.380514091,346.380514091
73920,346.409247674,346.409247674
74200,346.402672152,346.402672152
74480,346.428913398,346.428913398
74760,346.409216771,346.409216771
75040,346.457733682,346.457733682
75320,346.504976721,346.504976721
75600,346.571060563,346.571060563
75880,346.5729398,346.5729398
76160,346.572763941,346.572763941
76440,346.515186866,346.515186866
76720,346.419701311,346.419701311
77000,346.42189515,346.42189515
77280,346.469861286,346.469861286
77560,346.383550713,346.383550713
77840,346.324697419,346.324697419
78120,346.353544957,346.353544957
78400,346.231553877,346.231553877
78680,346.303946512,346.303946512
78960,346.262116803,346.262116803
79240,346.329946038,346.329946038
79520,346.323667481,346.323667481
79800,346.270028595,346.270028595
80080,346.180652667,346.180652667
80360,346.223543124,346.223543124
80640,346.264506743,346.264506743
80920,346.336608341,346.336608341
81200,346.231399438,346.231399438
81480,346.232072195,346.232072195
81760,346.247864959,346.247864959
82040,346.260745105,346.260745105
82320,346.340250469,346.340250469
82600,346.400645715,346.400645715
82880,346.377745764,346.377745764
83160,346.484777432,346.484777432
83440,346.58502303,346.58502303
83720,346.526270675,346.526270675
84000,346.549334984,346.549334984
84280,346.595315879,346.595315879
84560,346.625269566,346.625269566
84840,346.6608679,346.6608679
85120,346.571509868,346.571509868
85400,346.605544337,346.605544337
85680,346.606260998,346.606260998
85960,346.522975734,346.522975734
86240,346.499041309,346.499041309
86520,346.543920835,346.543920835
86800,346.634782405,346.634782405
87080,346.571393658,346.571393658
87360,346.568544427,346.568544427
87640,346.457507133,346.457507133
87920,346.451057087,346.451057087
88200,346.40351334,346.40351334
88480,346.359403849,346.359403849
88760,346.369888693,346.369888693
89040,346.334312506,346.334312506
89320,346.275614419,346.275614419
89600,346.167260002,346.167260002
89880,346.218892504,346.218892504
90160,346.17268111,346.17268111
90440,346.151092876,346.151092876
90720,346.121387483,346.121387483
91000,346.09218785,346.09218785
91280,346.034052737,346.034052737
91560,346.006983951,346.006983951
91840,346.058276025,346.058276025
92120,345.924605015,345.924605015
92400,345.949849835,345.949849835
92680,345.843196835,345.843196835
92960,345.861139926,345.861139926
93240,345.853041637,345.853041637
93520,345.890369744,345.890369744
93800,345.976966079,345.976966079
94080,345.965030565,345.965030565
94360,346.08346168,346.08346168
94640,346.181629158,346.181629158
94920,346.191752082,346.191752082
95200,346.20802245,346.20802245
95480,346.280480924,346.280480924
95760,346.228393038,346.228393038
96040,346.247275868,346.247275868
96320,346.2856591,346.2856591
96600,346.322373252,346.322373252
96880,346.355763294,346.355763294
97160,346.356671088,346.356671088
97440,346.369307952,346.369307952
97720,346.399329704,346.399329704
98000,346.366324353,346.366324353
98280,346.381226995,346.381226995
98560,346.358124243,346.358124243
98840,346.390530943,346.390530943
99120,346.407662572,346.407662572
99400,346.406622994,346.406622994
99680,346.432315587,346.432315587
99960,346.526955785,346.526955785
100240,346.560766314,346.560766314
100520,346.562155065,346.562155065
100800,346.447542589,346.447542589
101080,346.366843881,346.366843881
101360,346.273515881,346.273515881
101640,346.138484053,346.138484053
101920,346.041059893,346.041059893
102200,346.048447589,346.048447589
102480,346.126358863,346.126358863
102760,346.141359002,346.141359002
103040,346.196562584,346.196562584
103320,346.157801808,346.157801808
103600,346.168335683,346.168335683
103880,346.151804832,346.151804832
104160,346.218380389,346.218380389
104440,346.252166278,346.252166278
104720,346.264304724,346.264304724
105000,346.246670067,346.246670067
105280,346.36177772,346.36177772
105560,346.400412991,346.400412991
105840,346.350950095,346.350950095
106120,346.28790773,346.28790773
106400,346.226287516,346.226287516
106680,346.342283988,346.342283988
106960,346.32858633,346.32858633
107240,346.230520183,346.230520183
107520,346.298953266,346.298953266
107800,346.374385172,346.374385172
108080,346.452285525,346.452285525
108360,346.613773927,346.613773927
108640,346.652025865,346.652025865
108920,346.639180528,346.639180528
109200,346.638084868,346.638084868
109480,346.583546355,346.583546355
109760,346.497126234,346.497126234
110040,346.49247693,346.49247693
110320,346.370254032,346.370254032
110600,346.342701211,346.342701211
110880,346.272283292,346.272283292
111160,346.293724273,346.293724273
111440,346.347643759,346.347643759
111720,346.401801915,346.401801915
112000,346.416675455,346.416675455
112280,346.454976504,346.454976504
112560,346.517622041,346.517622041
112840,346.593558133,346.593558133
113120,346.60426855,346.60426855
113400,346.650458456,346.650458456
113680,346.678056495,346.678056495
113960,346.760408145,346.760408145
114240,346.79203967,346.79203967
114520,346.812358027,346.812358027
114800,346.877138707,346.877138707
115080,346.884414399,346.884414399
115360,346.996007004,346.996007004
115640,347.12409719,347.12409719
115920,347.159767012,347.159767012
116200,347.266211298,347.266211298
116480,347.217028122,347.217028122
116760,347.388845347,347.388845347
117040,347.446517384,347.446517384
117320,347.517341125,347.517341125
117600,347.507839027,347.507839027
117880,347.605364128,347.605364128
118160,347.681434436,347.681434436
118440,347.699382428,347.699382428
118720,347.810595285,347.810595285
119000,347.781601113,347.781601113
119280,347.87543248,347.87543248
119560,348.019318853,348.019318853
119840,348.142852111,348.142852111
120120,348.235123149,348.235123149
120400,348.215530924,348.215530924
120680,348.279743119,348.279743119
120960,348.314416566,348.314416566
121240,348.358562558,348.358562558
121520,348.341544092,348.341544092
121800,348.366874526,348.366874526
122080,348.425157304,348.425157304
122360,348.413869499,348.413869499
122640,348.443874745,348.443874745
122920,348.519340476,348.519340476
123200,348.586683637,348.586683637
123480,348.640518836,348.640518836
123760,348.748475731,348.748475731
124040,348.809171265,348.809171265
124320,348.846225211,348.846225211
124600,348.854018849,348.854018849
124880,348.894182876,348.894182876
125160,348.908174132,348.908174132
125440,348.897992507,348.897992507
125720,348.951122643,348.951122643
126000,349.062914641,349.062914641
126280,349.105466575,349.105466575
126560,349.144000145,349.144000145
126840,349.062788726,349.062788726
127120,348.987378631,348.987378631
127400,348.984249802,348.984249802
127680,349.040325087,349.040325087
127960,348.959027043,348.959027043
128240,348.930281047,348.930281047
128520,348.876611977,348.876611977
128800,348.905544289,348.905544289
129080,348.865312258,348.865312258
129360,348.864245722,348.864245722
129640,348.797174116,348.797174116
129920,348.685590184,348.685590184
130200,348.622852987,348.622852987
130480,348.598968974,348.598968974
130760,348.539642554,348.539642554
131040,348.602147472,348.602147472
131320,348.645965248,348.645965248
131600,348.69701974,348.69701974
131880,348.69366637,348.69366637
132160,348.733478443,348.733478443
132440,348.717598153,348.717598153
132720,348.720104457,348.720104457
133000,348.777467853,348.777467853
133280,348.698803247,348.698803247
133560,348.71731666,348.71731666
133840,348.723470929,348.723470929
134120,348.736879595,348.736879595
134400,348.62948018,348.62948018
134680,348.666787053,348.666787053
134960,348.64604648,348.64604648
135240,348.701016472,348.701016472
135520,348.711278526,348.711278526
135800,348.688986222,348.688986222
136080,348.79057521,348.79057521
136360,348.766990254,348.766990254
136640,348.752775829,348.752775829
136920,348.709618875,348.709618875
137200,348.717067254,348.717067254
137480,348.691543498,348.691543498
137760,348.655966197,348.655966197
138040,348.600586644,348.600586644
138320,348.611834737,348.611834737
138600,348.603925819,348.603925819
138880,348.648386843,348.648386843
139160,348.672306374,348.672306374
139440,348.607909553,348.607909553
139720,348.49083117,348.49083117
140000,348.350361897,348.350361897
140280,348.322915919,348.322915919
140560,348.218730321,348.218730321
140840,348.263415292,348.263415292
141120,348.30104535,348.30104535
141400,348.230113469,348.230113469
141680,348.155369992,348.155369992
141960,348.118560216,348.118560216
142240,348.086324938,348.086324938
142520,348.129354027,348.129354027
142800,348.121126154,348.121126154
143080,348.201489145,348.201489145
143360,348.274316974,348.274316974
143640,348.346838975,348.346838975
143920,348.335005623,348.335005623
144200,348.261907465,348.261907465
144480,348.319769309,348.319769309
144760,348.374126339,348.374126339
145040,348.416748896,348.416748896
145320,348.438716798,348.438716798
145600,348.596020296,348.596020296
145880,348.531000521,348.531000521
